,Cities,Cloudiness,Country,Date,Humidity,Lat,Lng,Max Temp,Wind Speed
0,bluff,0,AU,1546298269,45,-23.58,149.07,84.15,12.01
1,hasaki,20,JP,1546297200,100,35.73,140.83,32,3.36
2,cape town,0,ZA,1546297200,88,-33.93,18.42,66.2,10.29
3,krasnyy yar,88,RU,1546298269,92,50.7,44.73,7.43,7.87
4,ushuaia,75,AR,1546297200,81,-54.81,-68.31,46.4,48.32
5,hermanus,88,ZA,1546298270,95,-34.42,19.24,59.36,2.17
6,punta arenas,75,CL,1546297200,65,-53.16,-70.91,46.4,33.33
7,tiksi,76,RU,1546298270,73,71.64,128.87,-2.97,27.34
8,richards bay,80,ZA,1546298270,96,-28.77,32.06,72.32,6.98
9,souillac,90,FR,1546295400,93,45.6,-0.6,44.6,8.05
10,avarua,40,CK,1546297200,89,-21.21,-159.78,86,10.29
11,provideniya,92,RU,1546298271,100,64.42,-173.23,6.71,4.41
12,hobart,40,AU,1546295400,43,-42.88,147.33,71.6,24.16
13,albany,90,US,1546297020,93,42.65,-73.75,41,5.82
14,aripuana,64,BR,1546298272,95,-9.17,-60.63,75.74,0.72
15,chichimila,20,MX,1546296240,55,20.62,-88.22,86,9.17
16,sitka,64,US,1546298273,63,37.17,-99.65,26.46,20.74
17,san antonio,0,CL,1546297200,59,-33.58,-71.61,64.4,11.41
18,qaanaaq,0,GL,1546298275,95,77.48,-69.36,-12.24,9.22
19,kavaratti,0,IN,1546298275,100,10.57,72.64,83.25,7.99
20,butaritari,76,KI,1546298275,100,3.07,172.79,85.05,25.21
21,khatanga,68,RU,1546298275,73,71.98,102.47,3.6,11.01
22,salalah,40,OM,1546296600,60,17.01,54.1,75.2,3.36
23,busselton,0,AU,1546298276,95,-33.64,115.35,69.26,11.01
24,agadez,56,NE,1546298276,51,16.97,7.99,56.21,5.97
25,nome,1,US,1546296900,80,30.04,-94.42,56.12,4.74
26,hithadhoo,88,MV,1546298277,100,-0.6,73.08,82.89,9.78
27,port hardy,90,CA,1546293600,80,50.7,-127.42,41,3.36
28,pitimbu,40,BR,1546297200,78,-7.47,-34.81,80.6,8.05
29,kodiak,90,US,1546296900,96,39.95,-94.76,35.96,13.87
30,rikitea,92,PF,1546298278,100,-23.12,-134.97,77.58,4.74
31,vaini,8,IN,1546298278,66,15.34,74.49,60.03,6.42
32,jamestown,0,AU,1546298278,30,-33.21,138.6,79.61,5.41
33,koutsouras,92,GR,1546298278,100,35.03,25.95,56.48,16.37
35,klaksvik,36,FO,1546296600,74,62.23,-6.59,35.6,40.26
36,hangu,40,PK,1546297200,70,33.53,71.06,44.6,4.7
37,atuona,88,PF,1546298279,100,-9.8,-139.03,79.43,15.14
38,barrow,0,AR,1546298280,36,-38.31,-60.23,79.38,18.95
39,tarrafal,20,CV,1546293600,64,15.28,-23.77,69.8,14.99
40,teykovo,80,RU,1546298280,92,56.86,40.54,22.28,9.44
41,eyl,8,SO,1546298280,100,7.98,49.82,75.33,15.93
42,tasiilaq,32,GL,1546296600,67,65.61,-37.64,17.6,3.36
43,ambulu,20,ID,1546298281,100,-8.35,113.61,77.81,4.97
44,kolondieba,0,ML,1546298281,44,11.09,-6.89,67.86,6.98
45,port elizabeth,90,US,1546296960,100,39.31,-74.98,46.4,10.29
46,geraldton,40,CA,1546293600,76,49.72,-86.95,-7.61,3.36
48,kropotkin,88,RU,1546298282,98,45.43,40.58,31.5,3.85
49,champerico,40,MX,1546296060,45,16.38,-93.6,86,11.41
50,tuktoyaktuk,90,CA,1546293600,78,69.44,-133.03,10.4,10.29
51,provost,0,CA,1546298283,74,52.35,-110.26,-0.99,10.22
52,port alfred,0,ZA,1546298283,90,-33.59,26.89,71.55,5.41
53,peniche,0,PT,1546295400,76,39.36,-9.38,50,4.7
54,port hedland,0,AU,1546297200,74,-20.31,118.58,82.4,12.75
56,yellowknife,20,CA,1546293600,76,62.45,-114.38,-7.61,17.22
57,port said,48,EG,1546298284,77,25.34,30.55,44.73,3.4
59,gritsovskiy,88,RU,1546298285,88,54.14,38.16,11.7,7.43
60,kapaa,75,US,1546296960,79,22.08,-159.32,80.06,18.34
61,kununurra,56,AU,1546297200,74,-15.77,128.74,84.2,5.82
62,faanui,56,PF,1546298286,100,-16.48,-151.75,82.35,14.14
63,beloha,8,MG,1546298286,73,-25.17,45.06,76.82,7.99
64,chokurdakh,68,RU,1546298286,74,70.62,147.9,0.23,19.28
65,ixtapa,90,MX,1546296240,64,20.71,-105.21,73.4,3.36
66,dolores,0,AR,1546298287,59,-36.31,-57.68,66.47,12.46
69,puerto ayora,75,EC,1546297200,74,-0.74,-90.35,80.6,16.11
70,vao,92,EE,1546298287,91,59.1,26.19,30.29,17.94
71,mataura,92,NZ,1546298288,49,-46.19,168.86,70.38,4.74
72,vostok,44,RU,1546298288,68,46.45,135.83,-5.9,2.95
73,thompson,5,CA,1546293600,68,55.74,-97.86,-14.81,11.41
74,hof,88,DE,1546298289,100,50.32,11.92,34.61,7.43
75,maceio,20,BR,1546297200,83,-9.67,-35.74,77,8.05
77,cherskiy,44,RU,1546298289,85,68.75,161.3,-19.76,8.88
78,port blair,20,IN,1546298290,100,11.67,92.75,78.93,8.43
79,timbiqui,92,CO,1546298290,98,2.77,-77.67,76.64,3.4
80,ponta do sol,64,BR,1546298290,94,-20.63,-46,67.05,3.96
82,cheremushskiy,0,RU,1546298291,77,61.27,47.26,11.25,11.45
83,arraial do cabo,12,BR,1546298291,88,-22.97,-42.02,79.79,16.71
84,patacamaya,44,BO,1546298291,74,-17.23,-67.92,49.82,4.74
85,georgetown,20,GY,1546297200,78,6.8,-58.16,80.6,9.17
86,diego de almagro,8,CL,1546298292,61,-26.39,-70.05,67.37,2.51
87,lagoa,0,PT,1546295400,81,37.14,-8.45,50,8.05
88,saint george,90,GR,1546293000,75,39.45,22.34,42.8,16.11
89,cockburn town,80,TC,1546298293,99,21.46,-71.14,79.43,21.07
90,san cristobal,20,EC,1546297200,32,-0.39,-78.55,69.8,5.82
91,bredasdorp,92,ZA,1546297200,88,-34.53,20.04,62.6,2.24
92,pangnirtung,20,CA,1546293600,64,66.15,-65.72,-2.21,12.75
93,coquimbo,0,CL,1546297200,77,-29.95,-71.34,62.6,11.41
94,hailun,24,CN,1546298294,60,47.46,126.97,-12.96,3.4
95,dikson,48,RU,1546298294,97,73.51,80.55,5.85,31.92
96,tamandare,24,BR,1546298295,85,-8.28,-70.75,79.88,2.73
97,vestmannaeyjar,0,IS,1546298295,100,63.44,-20.27,27.59,10.78
98,east london,48,ZA,1546298295,91,-33.02,27.91,75.06,13.35
99,mahebourg,75,MU,1546297200,94,-20.41,57.7,77,8.32
100,talaya,20,RU,1546297200,84,55.79,84.89,5,6.71
101,tautira,75,PF,1546297200,62,-17.73,-149.15,89.6,13.87
102,kenora,1,CA,1546296900,76,49.76,-94.48,-5.81,11.41
103,ukiah,1,US,1546293360,21,39.15,-123.21,55.94,9.17
104,bubaque,36,GW,1546298297,94,11.28,-15.83,81.32,4.63
105,saint-philippe,1,CA,1546296900,72,45.36,-73.48,37.22,6.93
106,cidreira,44,BR,1546298297,92,-30.17,-50.22,76.37,10.22
107,high level,20,CA,1546298297,82,58.52,-117.13,2.66,6.76
109,hamilton,75,BM,1546296900,82,32.3,-64.78,64.4,12.75
110,saskylakh,20,RU,1546298298,72,71.97,114.09,0.81,14.47
111,kailua,90,US,1546297020,81,21.39,-157.74,84.92,13.87
113,morant bay,20,JM,1546297200,48,17.88,-76.41,82.4,17.22
115,kaitangata,76,NZ,1546298299,69,-46.28,169.85,72.14,4.74
116,marzuq,8,YE,1546298299,75,14.4,46.47,42.3,1.16
117,lavrentiya,92,RU,1546298300,100,65.58,-170.99,9.59,22.08
118,ribeira grande,0,PT,1546298300,100,38.52,-28.7,61.65,14.03
119,tommot,56,RU,1546298300,76,58.97,126.27,-1.26,5.19
120,kortkeros,90,RU,1546297200,92,61.81,51.56,15.8,8.95
121,sussex,40,CA,1546293600,85,45.72,-65.51,23,4.07
122,tuatapere,92,NZ,1546298301,93,-46.13,167.69,58.95,4.29
123,cayenne,20,GF,1546297200,78,4.94,-52.33,77,3.36
124,dingle,56,PH,1546298302,84,11,122.67,78.3,13.8
125,touros,40,BR,1546297200,83,-5.2,-35.46,80.6,8.05
126,paracuru,20,BR,1546297200,83,-3.41,-39.03,80.6,5.82
128,hilo,90,US,1546296780,76,19.71,-155.08,77,10.29
129,ancud,40,CL,1546297200,62,-41.87,-73.83,55.4,10.29
130,lumsden,40,CA,1546293600,76,50.65,-104.86,-11.21,3.36
131,samarai,80,PG,1546298303,100,-10.62,150.67,84.92,12.35
132,kamsack,1,CA,1546293600,63,51.56,-101.9,-9.41,5.82
133,mar del plata,20,AR,1546298205,41,-46.43,-67.52,62.51,31.03
134,the valley,40,AI,1546297200,73,18.22,-63.06,77,8.05
135,chumikan,12,RU,1546298304,65,54.72,135.31,-0.23,6.42
136,porto novo,40,BR,1546297200,69,-23.68,-45.44,75.2,6.93
137,markova,0,RU,1546298304,53,52.21,104.21,-19.17,5.75
138,verkhnevilyuysk,0,RU,1546298304,74,63.45,120.31,-2.84,9.44
139,sobolevo,88,RU,1546298305,97,54.43,31.9,29.39,9.1
140,saint-augustin,90,FR,1546295400,100,44.83,-0.61,41,5.82
141,luza,0,RU,1546298305,79,60.63,47.26,6.71,9.44
143,bethel,40,US,1546296960,96,60.79,-161.76,30.92,17.22
144,vieques,20,PR,1546296960,73,18.43,-65.83,77,9.17
146,bida,0,NG,1546298307,45,9.08,6.02,72.99,9.89
147,marand,75,IR,1546297200,80,38.43,45.77,33.8,2.24
148,homa bay,20,KE,1546298307,100,-0.53,34.45,65.16,3.18
149,christchurch,20,NZ,1546297200,77,-43.53,172.64,68,4.7
150,vila velha,20,BR,1546297200,83,-3.71,-38.6,80.6,5.82
151,castro,40,CL,1546297200,62,-42.48,-73.76,55.4,10.29
152,lorengau,88,PG,1546298308,100,-2.02,147.27,80.96,13.69
153,carnarvon,36,ZA,1546298309,53,-30.97,22.13,69.66,12.46
154,znamenskoye,68,RU,1546298309,76,57.13,73.82,3.02,9.44
155,taoudenni,0,ML,1546298309,41,22.68,-3.98,53.78,12.57
156,northam,92,GB,1546293000,76,51.04,-4.21,48.2,10.29
157,celestun,0,MX,1546298310,85,20.87,-90.4,79.74,7.31
158,nikolskoye,90,RU,1546297200,86,59.7,30.79,28.4,11.18
159,coahuayana,36,MX,1546298310,41,18.62,-100.35,75.6,2.17
160,kavieng,92,PG,1546298311,100,-2.57,150.8,82.58,14.81
161,ust-tsilma,68,RU,1546298311,72,65.44,52.15,16.2,6.76
162,laguna,5,MX,1546296240,19,27.52,-110.01,68,3.36
163,imbituba,40,BR,1546297200,78,-28.24,-48.67,80.6,4.7
164,bathsheba,20,BB,1546297200,65,13.22,-59.52,77,16.11
166,tilichiki,12,RU,1546298312,65,60.47,166.1,-9.27,7.99
167,cenade,90,RO,1546295400,98,46.06,24.01,32,0.38
168,fortuna,0,ES,1546295400,56,38.18,-1.13,44.6,6.93
169,qax,75,AZ,1546297200,89,41.42,46.93,35.6,4.7
173,sao felix do xingu,56,BR,1546298314,98,-6.64,-51.99,74.34,2.17
174,trieste,0,IT,1546296600,92,45.65,13.77,35.6,1.12
175,mangaratiba,40,BR,1546293600,74,-22.96,-44.04,78.8,4.7
176,bastia,44,IT,1546298314,100,44.6,8.98,42.17,7.65
177,beringovskiy,64,RU,1546298315,100,63.05,179.32,-7.56,23.09
178,bara,0,NG,1546298315,34,10.41,10.6,67.73,10.45
179,los llanos de aridane,24,ES,1546297200,63,28.66,-17.92,64.4,11.41
180,norman wells,75,CA,1546293600,71,65.28,-126.83,8.6,10.29
181,san patricio,0,PY,1546298316,92,-26.98,-56.83,80.01,4.07
182,dogondoutchi,12,NE,1546298316,42,13.64,4.03,63.63,9.22
183,gavle,80,SE,1546298316,91,60.67,17.14,37.31,14.36
184,lebu,0,ET,1546293600,62,8.96,38.73,51.8,4.7
185,neiafu,75,TO,1546297200,94,-18.65,-173.98,77,2.24
186,kibuye,0,RW,1546298317,100,-2.07,29.35,54,2.06
187,ilulissat,64,GL,1546296600,49,69.22,-51.1,26.6,27.51
188,beruwala,80,LK,1546298317,100,6.48,79.98,77.94,10.56
190,avera,40,US,1546296900,96,33.19,-82.53,71.06,3.36
191,el tigre,64,VE,1546298318,66,8.89,-64.25,77.72,13.47
192,pevek,56,RU,1546298318,89,69.7,170.27,-15.12,7.65
193,sao filipe,0,CV,1546298319,97,14.9,-24.5,72.9,12.01
195,havre-saint-pierre,20,CA,1546293600,76,50.23,-63.6,-4.01,3.36
196,katsuura,40,JP,1546297200,69,33.93,134.5,33.8,11.41
197,iqaluit,75,CA,1546293600,64,63.75,-68.52,-2.21,12.75
198,maniitsoq,64,GL,1546298320,94,65.42,-52.9,24.62,5.97
199,kanelovskaya,80,RU,1546298320,94,46.59,39.19,27.63,3.18
200,onguday,68,RU,1546298320,74,50.75,86.14,-2.84,2.28
201,yumen,56,CN,1546298321,60,40.29,97.04,1.13,4.41
202,luderitz,12,NA,1546298321,81,-26.65,15.16,62.28,16.71
203,iwanai,76,JP,1546298321,100,42.97,140.51,31.59,20.29
204,utena,92,LT,1546298321,90,55.5,25.6,24.62,13.47
205,srednekolymsk,48,RU,1546298322,80,67.46,153.71,-18.59,6.53
206,torrington,90,US,1546296900,69,42.06,-104.18,10.94,17.22
207,daru,12,SL,1546298322,77,7.99,-10.85,76.59,6.64
208,careiro da varzea,75,BR,1546297200,83,-3.2,-59.81,80.6,3.36
210,port macquarie,64,AU,1546297200,73,-31.43,152.91,75.2,5.82
211,pierre,75,US,1546297260,71,44.37,-100.35,1.04,29.97
212,woodbury,88,US,1546296900,83,44.92,-92.96,26.6,19.46
213,oktyabrskoye,20,RU,1546297200,84,56.73,85.44,5,6.71
214,sabya,44,YE,1546298324,100,16.19,43.1,68.54,3.06
215,davila,90,PH,1546297200,83,18.47,120.58,77,4.7
216,victoria,90,BN,1546297200,88,5.28,115.24,78.8,3.36
217,abu zabad,0,SD,1546298324,49,12.35,29.25,58.14,8.43
220,wanning,75,AT,1546296600,100,48.64,13.53,37.4,3.36
221,torbay,90,CA,1546293600,78,47.66,-52.73,15.8,17.22
222,buchanan,40,LR,1546297200,94,5.88,-10.05,78.8,7.87
223,kiama,0,AU,1546298326,64,-34.67,150.86,82.8,1.72
224,upernavik,80,GL,1546298326,100,72.79,-56.15,19.71,10.22
225,deqing,75,CN,1546297200,93,30.54,119.97,37.4,6.71
227,aklavik,90,CA,1546293600,85,68.22,-135.01,15.8,8.05
228,myitkyina,32,MM,1546298327,90,25.38,97.4,51.03,0.38
230,ahipara,68,NZ,1546298327,81,-35.17,173.16,70.16,12.12
231,gat,0,SN,1546297200,41,14.69,-16.54,77,2.24
232,saldanha,0,PT,1546298328,72,41.42,-6.55,23.49,2.73
233,filadelfia,48,PY,1546298328,69,-22.35,-60.04,84.51,10.56
234,muros,0,ES,1546295400,81,42.77,-9.06,48.2,3.4
235,chuy,0,UY,1546298328,85,-33.69,-53.46,68.13,13.24
236,gobabis,92,NA,1546298329,99,-22.45,18.97,64.76,8.99
237,korgen,88,NO,1546296600,74,66.08,13.83,35.6,11.41
240,opuwo,0,NA,1546298329,61,-18.06,13.84,65.48,5.08
241,dunedin,12,NZ,1546298260,76,-45.87,170.5,69.62,4.41
242,caravelas,8,BR,1546298330,99,-17.73,-39.27,80.33,17.49
244,curuca,36,BR,1546298330,77,-2.52,-61.06,81.59,4.41
245,severo-kurilsk,32,RU,1546298331,100,50.68,156.12,26.96,10.67
246,katobu,64,ID,1546298331,99,-4.94,122.53,82.53,3.18
247,auki,0,NG,1546298331,45,12.18,6.51,62.73,6.98
248,dagshai,0,IN,1546298331,77,30.88,77.05,38.84,1.61
249,grand gaube,75,MU,1546297200,94,-20.01,57.66,77,13.91
250,morshansk,44,RU,1546298332,71,53.44,41.81,1.49,4.41
251,inuvik,75,CA,1546297200,72,68.36,-133.71,17.6,10.29
253,wewak,92,PG,1546298332,86,-3.55,143.63,80.69,4.52
254,itarema,92,BR,1546298333,83,-2.92,-39.92,79.79,9.1
255,matagami,0,NG,1546298333,41,9.67,8.4,66.96,9.66
256,new norfolk,40,AU,1546297200,40,-42.78,147.06,73.4,23.04
257,khorixas,12,NA,1546298333,60,-20.37,14.96,66.92,2.73
258,shelburne,90,CA,1546297200,100,44.08,-80.2,35.6,4.7
259,rio muerto,5,MX,1546296240,19,27.42,-110.23,68,3.36
260,vanimo,88,PG,1546298334,100,-2.67,141.3,81.18,18.05
261,mbuyapey,20,PY,1546298334,91,-26.22,-56.76,81.14,6.2
262,bull savanna,0,JM,1546298335,54,17.89,-77.59,76.86,9.22
263,vermilion,20,CA,1546293600,76,53.35,-110.85,-4.01,5.82
264,boromo,0,BF,1546298335,36,11.74,-2.93,69.48,9.1
265,rocha,0,UY,1546298335,62,-34.48,-54.34,68.04,11.79
266,honningsvag,64,NO,1546298336,100,70.98,25.97,25.29,14.7
267,sisimiut,56,GL,1546298336,100,66.94,-53.67,5.54,1.95
268,abilene,1,US,1546296900,28,32.45,-99.73,60.08,6.98
270,antalaha,56,MG,1546298337,93,-14.9,50.28,77.76,10.45
271,calabozo,88,VE,1546298337,47,8.92,-67.43,85.95,14.47
272,tombouctou,68,ML,1546298337,40,16.77,-3.01,65.66,8.21
273,yenagoa,0,NG,1546298337,81,4.92,6.26,77.31,8.66
275,ambon,90,FR,1546295400,93,47.55,-2.56,48.2,2.24
276,sibu,75,MY,1546297200,100,2.29,111.83,75.2,3.36
278,ostrovnoy,80,RU,1546298338,91,68.05,39.51,18.41,17.16
280,samana,0,EC,1546297200,58,0.12,-76.97,84.2,6.93
281,puri,40,ID,1546297200,88,-7.54,112.45,78.8,10.29
282,japura,24,ID,1546298339,97,-0.42,102.29,72.81,2.73
283,altagracia de orituco,8,VE,1546298339,51,9.86,-66.38,79.79,13.24
285,mogok,0,MM,1546298340,86,22.92,96.51,43.97,1.72
286,leningradskiy,64,RU,1546298340,94,69.38,178.42,-7.92,21.85
287,port lincoln,0,AU,1546298340,81,-34.72,135.86,68.76,7.43
288,bloomingdale,90,US,1546297320,85,41.96,-88.08,39.92,10.29
289,ucluelet,90,CA,1546297200,81,48.94,-125.55,42.8,1.72
290,makakilo city,20,US,1546297020,58,21.35,-158.09,84.92,13.87
291,bambous virieux,75,MU,1546297200,94,-20.34,57.76,77,8.32
292,jiuquan,64,CN,1546298342,42,39.73,98.49,-10.49,2.39
293,saint-georges,56,CA,1546298251,87,46.12,-70.67,21.69,3.96
295,alibag,12,IN,1546297200,52,18.64,72.88,68,8.99
296,lasa,40,CY,1546295400,71,34.92,32.53,57.2,16.11
297,pudozh,92,RU,1546298343,86,61.81,36.54,12.24,16.04
298,sioux lookout,20,CA,1546293600,69,50.1,-91.92,-5.81,9.17
299,roebourne,0,AU,1546298343,75,-20.77,117.15,81.18,4.63
300,rio grande,56,BR,1546298344,91,-32.03,-52.1,73.35,13.8
301,belyy yar,68,RU,1546297200,75,53.6,91.39,-14.81,1.05
302,saint-pierre,90,FR,1546295400,100,48.95,4.24,44.6,4.7
303,porto torres,75,IT,1546296600,100,40.84,8.4,41,4.7
304,airai,92,TL,1546298345,95,-8.93,125.41,70.97,1.5
305,lahat,20,ID,1546298345,96,-3.78,103.55,73.35,4.97
307,esperance,40,TT,1546297200,88,10.24,-61.45,75.2,5.82
308,martapura,20,ID,1546297200,94,-3.41,114.85,77,3.36
309,kelvington,0,CA,1546298346,31,52.16,-103.52,-22.28,6.53
310,alofi,92,NU,1546298346,100,-19.06,-169.92,80.19,6.2
311,gillette,90,US,1546296780,78,44.29,-105.5,3.02,11.41
312,nanortalik,80,GL,1546298347,96,60.14,-45.24,30.24,36.84
313,bazarnyye mataki,88,RU,1546298347,87,54.9,49.93,10.76,10.67
314,imeni poliny osipenko,76,RU,1546298347,60,52.42,136.49,-7.11,2.39
315,pouebo,0,NC,1546298347,58,-20.4,164.57,83.16,5.75
316,zaysan,80,KZ,1546298348,59,47.47,84.87,3.15,2.17
317,saint-louis,90,CH,1546296600,93,47.59,7.56,42.8,2.24
319,santa cruz,40,US,1546296780,24,36.97,-122.03,55.94,18.34
320,adre,8,TD,1546298349,54,13.47,22.2,59.27,5.19
321,medicine hat,20,CA,1546293600,65,50.04,-110.68,8.6,14.99
323,moose factory,40,CA,1546294140,69,51.26,-80.61,-13.01,4.7
324,roald,92,NO,1546296600,75,62.58,6.12,42.8,34.45
325,agirish,0,RU,1546298350,87,61.92,63.02,6.48,6.42
326,half moon bay,40,US,1546296960,39,37.46,-122.43,57.92,21.92
327,chicama,20,PE,1546297200,88,-7.84,-79.15,71.6,11.41
328,frontino,0,CO,1546298351,93,6.77,-76.13,63.9,1.5
329,banda aceh,0,ID,1546298351,100,5.56,95.32,70.2,2.28
330,petropavlovsk-kamchatskiy,0,RU,1546297200,63,53.05,158.65,-5.81,6.71
331,codrington,40,AU,1546297200,54,-28.95,153.24,82.4,6.93
332,dalvik,92,SE,1546296600,93,57.79,14.13,42.8,20.8
333,merriam,90,US,1546298100,92,39.02,-94.69,39.02,10.29
334,bereda,0,ES,1546295400,93,43.27,-7.54,37.4,6.93
335,kurtalan,40,TR,1546296600,100,37.93,41.7,35.6,3.36
336,paka,75,HR,1546295400,93,45.29,18.06,37.4,6.93
337,sinnamary,76,GF,1546298353,95,5.38,-52.96,78.44,8.43
338,yabrud,40,SY,1546297200,81,33.97,36.66,44.6,6.93
340,koumra,36,TD,1546298354,34,8.92,17.55,72.54,10.45
342,sehwan,0,PK,1546297200,81,26.43,67.86,48.2,3.96
344,pisco,75,PE,1546297200,30,-13.71,-76.2,71.6,18.34
345,broome,88,GB,1546296960,76,52.47,1.45,48.2,11.41
346,kayankulam,0,IN,1546298355,100,9.18,76.5,80.33,15.93
347,taltal,36,CL,1546298356,78,-25.41,-70.49,63.68,2.17
349,guerrero negro,100,MX,1546298356,85,27.97,-114.04,61.2,12.46
350,morganton,40,US,1546298100,100,35.75,-81.69,57.92,10.29
351,laramie,90,US,1546297680,75,41.31,-105.59,3.2,9.17
352,san felipe,0,CL,1546298357,62,-32.75,-70.73,63.45,1.72
353,colares,0,PT,1546295400,76,38.8,-9.45,50,4.7
355,sambava,64,MG,1546298358,100,-14.27,50.17,80.55,17.27
356,fontaine,90,FR,1546295400,93,45.2,5.69,41,9.17
357,cabo san lucas,40,MX,1546296060,55,22.89,-109.91,68,4.7
359,baykit,32,RU,1546298359,57,61.68,96.39,-20.66,3.74
360,skibbereen,90,IE,1546295400,87,51.55,-9.27,46.4,4.7
361,hauterive,90,FR,1546295400,93,46.09,3.45,41,3.36
362,cabedelo,40,BR,1546297200,78,-6.97,-34.84,80.6,8.05
363,westerland,90,NL,1546297020,81,52.89,4.93,50,16.11
364,kerema,32,PG,1546298360,48,-7.96,145.78,90,6.42
365,talnakh,76,RU,1546298360,82,69.49,88.39,3.29,24.32
366,yar-sale,12,RU,1546298360,82,66.83,70.83,9.77,19.28
367,bilma,8,NE,1546298361,55,18.69,12.92,46.22,2.84
368,hami,12,CN,1546298361,53,42.84,93.51,-5.49,2.73
369,aden,80,YE,1546298103,100,12.79,45.03,76.14,9.44
370,clyde river,90,CA,1546296300,83,70.47,-68.59,-7.61,23.04
372,matara,64,PE,1546298362,55,-13.74,-72.9,52.83,2.17
373,mana,90,RS,1546297200,100,43.52,20.24,35.6,2.73
374,hualmay,20,PE,1546298362,84,-11.1,-77.61,69.48,6.31
375,rawson,56,AR,1546298363,21,-43.3,-65.11,82.04,24.43
377,uchana,0,IN,1546298363,85,29.74,76.97,40.23,2.95
378,salinas,1,US,1546296900,22,36.67,-121.66,59,9.17
379,dutlwe,88,BW,1546298364,97,-23.98,23.93,65.48,7.76
380,ordzhonikidze,44,UA,1546298364,100,44.96,35.36,30.47,10.22
381,griffith,0,AU,1546297200,33,-34.29,146.06,91.4,14.99
382,srandakan,80,ID,1546298364,97,-7.94,110.25,73.89,5.3
383,kamaishi,40,JP,1546297200,92,39.28,141.86,28.4,5.82
384,promissao,0,BR,1546298365,86,-21.54,-49.86,77.76,2.95
385,faya,0,SA,1546293600,76,18.39,42.45,55.4,2.84
386,bocicoiu mare,68,RO,1546295400,96,47.96,24.01,32,1.12
387,yenotayevka,92,RU,1546298366,95,47.24,47.04,27.41,6.42
388,isla aguada,5,MX,1546296120,55,18.78,-91.49,86,4.7
389,moville,90,US,1546296900,76,42.49,-96.07,15.8,31.09
390,astoria,1,US,1546293300,68,46.19,-123.83,44.96,9.17
391,kuching,75,MY,1546297200,94,1.56,110.34,77,2.24
392,khonsa,0,IN,1546298367,81,26.99,95.51,37.67,0.6
393,sarkand,80,KZ,1546298367,91,45.41,79.91,14.04,3.06
395,ouango,20,CD,1546298367,91,4.31,22.55,69.62,2.28
396,calama,0,CL,1546297200,26,-22.46,-68.93,69.8,25.28
398,kamenka,44,RU,1546298368,56,53.19,44.05,-5.45,2.95
399,alamos,0,AR,1546298368,47,-36.9,-62.36,76.64,12.24
401,mtwara,36,TZ,1546298369,100,-10.28,40.18,79.34,1.72
402,huilong,92,CN,1546298369,88,28.89,110.18,24.48,3.06
403,husavik,0,CA,1546298369,58,50.56,-96.99,-20.16,6.53
404,izumo,40,JP,1546297200,86,35.37,132.75,37.4,8.05
405,wichian buri,0,TH,1546298370,64,15.66,101.11,62.87,15.37
406,batagay-alyta,24,RU,1546298370,0,67.8,130.41,-37.76,2.73
407,altay,36,CN,1546298371,67,47.83,88.13,-5.04,2.28
408,sao joao da barra,20,BR,1546293600,65,-21.64,-41.05,82.4,9.17
409,nalhati,0,IN,1546298371,84,24.29,87.85,42.71,3.18
410,soyo,76,AO,1546298371,95,-6.13,12.37,78.26,3.96
411,cam ranh,75,VN,1546297200,88,11.92,109.15,75.2,16.11
412,sijunjung,36,ID,1546298372,93,-0.69,100.95,68.27,2.39
413,abay,0,KZ,1546297200,74,49.63,72.87,-23.81,4.47
414,orapa,56,BW,1546298372,87,-21.28,25.37,68.18,3.51
415,fare,64,PF,1546298372,100,-16.7,-151.02,80.91,7.76
416,hambantota,0,LK,1546298373,100,6.12,81.12,77.63,17.38
417,quetta,88,PK,1546298373,92,30.19,67.02,34.83,1.5
418,ubinskoye,44,RU,1546298373,76,55.31,79.68,0.18,9.33
419,hofn,0,IS,1546298373,100,64.25,-15.21,31.68,19.39
420,vila franca do campo,20,PT,1546295400,82,37.72,-25.43,60.8,11.41
422,grindavik,75,IS,1546297200,68,63.84,-22.43,24.8,3.36
423,sainte-martine,75,CA,1546297200,86,45.25,-73.8,37.22,6.93
424,fort nelson,75,CA,1546293600,77,58.81,-122.69,6.8,2.24
425,fengrun,0,CN,1546298375,61,39.83,118.12,1.76,3.4
426,constitucion,40,MX,1546296480,7,23.99,-104.67,64.4,17.22
427,inhambane,88,MZ,1546298375,97,-23.87,35.38,76.37,7.43
428,ploemeur,90,FR,1546295400,81,47.73,-3.43,48.2,1.12
429,novoselytsya,20,UA,1546295400,86,48.22,26.27,33.8,9.17
430,henties bay,12,NA,1546298376,97,-22.12,14.28,63.32,3.62
431,san quintin,56,PH,1546298376,78,17.54,120.52,74.25,5.19
432,carutapera,76,BR,1546298377,87,-1.2,-46.02,79.16,6.53
433,marilia,44,BR,1546298377,100,-8.64,-48.82,71.96,7.65
434,necochea,0,AR,1546298377,46,-38.55,-58.74,72.68,16.15
435,brae,44,GB,1546296600,75,60.4,-1.35,44.6,35.57
436,riohacha,0,CO,1546297200,45,11.54,-72.91,86,14.99
437,narsaq,80,GL,1546298378,79,60.91,-46.05,18.45,10.11
438,patan,20,NP,1546296600,93,27.67,85.33,37.4,3.36
439,bushehr,0,IR,1546296600,82,28.97,50.84,59,4.7
440,panzhihua,0,CN,1546298378,76,26.59,101.72,31.59,1.72
441,vangaindrano,32,MG,1546298379,97,-23.35,47.6,68.94,1.83
442,deep river,75,CA,1546296060,86,46.1,-77.49,30.2,6.93
443,bonito,64,BR,1546298379,87,-1.36,-47.3,77.99,7.09
444,synya,68,RU,1546298380,81,65.37,58.04,15.08,9.22
445,vestmanna,48,FO,1546296600,74,62.16,-7.17,35.6,40.26
447,cabra,0,ES,1546295400,93,37.47,-4.43,37.4,1.12
448,kodyma,92,UA,1546298380,94,48.1,29.13,29.43,6.08
449,labuhan,36,ID,1546298381,79,-2.54,115.51,79.52,2.28
450,broken hill,0,AU,1546297200,26,-31.97,141.45,78.8,11.41
451,camacha,40,PT,1546295400,77,33.08,-16.33,64.4,14.99
452,salinopolis,76,BR,1546298381,99,-0.61,-47.36,80.1,10
453,acapulco,40,MX,1546296480,58,16.86,-99.88,86,3.74
454,karratha,0,AU,1546298382,75,-20.74,116.85,81.18,4.63
455,vardo,90,US,1546297680,89,39.62,-77.74,44.6,8.21
456,esna,80,RO,1546298382,99,45.2,27.57,33.62,3.18
457,longyearbyen,75,NO,1546296600,60,78.22,15.63,6.8,16.11
459,sola,90,FI,1546296600,92,62.78,29.36,26.6,16.11
460,pacific grove,1,US,1546296900,25,36.62,-121.92,59,10.29
461,kars,90,TR,1546297200,92,40.61,43.1,23,2.24
462,sawakin,76,SD,1546298384,95,19.1,37.33,70.11,4.18
463,ocotlan,75,MX,1546296540,35,20.35,-102.77,69.8,3.36
464,wilmington,90,US,1546296900,93,39.75,-75.55,44.96,8.05
465,birjand,0,IR,1546297200,80,32.86,59.22,39.2,6.93
466,kahului,1,US,1546297680,60,20.89,-156.47,84.02,20.8
467,sarh,0,TD,1546297200,31,9.14,18.39,77,6.93
469,zogno,0,IT,1546296600,80,45.79,9.66,39.2,5.82
470,te anau,92,NZ,1546298386,69,-45.41,167.72,66.33,9.66
471,ossora,12,RU,1546298386,79,59.24,163.07,-1.4,11.79
472,nabire,12,ID,1546298386,79,-3.36,135.5,78.84,2.62
473,bulawayo,24,ZW,1546298386,81,-20.16,28.59,66.78,10.11
474,saint-francois,90,FR,1546295400,100,46.42,3.91,41,3.06
475,nichinan,20,JP,1546297200,86,31.65,131.31,41,8.05
476,lar,0,IR,1546298387,81,27.66,54.32,35.78,2.17
477,comodoro rivadavia,20,AR,1546297200,20,-45.87,-67.48,68,32.21
479,lompoc,1,US,1546297080,61,34.64,-120.46,60.98,16.11
480,chapleau,90,CA,1546297200,78,47.85,-83.4,8.6,18.34
481,niquelandia,44,BR,1546298388,79,-14.47,-48.46,77.04,5.97
482,fuxin,36,CN,1546298388,61,42.02,121.65,-2.34,6.2
483,kruisfontein,8,ZA,1546298389,88,-34,24.73,67.37,8.66
484,naze,88,NG,1546293600,73,5.43,7.07,75.2,2.95
485,roanoke rapids,75,US,1546296000,100,36.46,-77.65,57.38,11.01
486,tual,48,ID,1546298389,99,-5.67,132.75,84.6,13.69
487,burlatskoye,80,RU,1546298390,95,45.06,43.63,29.34,1.72
488,tiznit,0,MA,1546298390,72,29.7,-9.73,49.82,5.97
490,anadyr,76,RU,1546297200,66,64.73,177.51,-29.21,13.42
491,talcahuano,0,CL,1546297200,68,-36.72,-73.12,64.4,18.34
492,oistins,20,BB,1546297200,65,13.07,-59.53,77,16.11
493,traralgon,0,AU,1546298391,60,-38.19,146.54,73.31,2.95
494,marevo,75,BA,1546293600,93,43.57,18.7,35.6,8.05
495,gwembe,20,ZM,1546298391,92,-16.5,27.61,70.65,5.3
496,ostrovskoye,88,RU,1546298392,92,57.81,42.24,22.28,6.76
497,praia da vitoria,20,PT,1546293600,93,38.73,-27.07,59,15.7
498,bowen,88,AU,1546297200,65,-20.01,148.25,82.4,16.11
499,ongandjera,0,NA,1546298392,41,-17.88,15.07,76.05,13.02
500,yerbogachen,0,RU,1546298393,74,61.28,108.01,-11.52,7.31
501,kharp,8,RU,1546298393,65,66.82,65.8,10.76,14.7
502,taseyevo,64,RU,1546298393,66,57.22,94.9,-9.09,2.39
503,olympia,1,US,1546297080,59,47.05,-122.89,44.6,3.36
504,muhos,92,FI,1546296600,100,64.81,26,30.2,11.41
507,biak,20,ID,1546298394,83,-0.91,122.88,84.02,2.73
508,waipawa,24,NZ,1546298395,98,-39.94,176.59,73.13,7.2
509,xuddur,0,SO,1546298395,64,4.12,43.89,66.78,7.65
511,muravlenko,80,RU,1546298395,82,63.79,74.5,9.9,12.68
512,zamania,0,IN,1546298396,84,25.42,83.56,45.36,2.95
513,waddan,20,LY,1546298396,91,29.16,16.14,42.75,9.33
514,juneau,90,US,1546296960,88,58.3,-134.42,39.02,21.92
515,nhulunbuy,75,AU,1546297200,88,-12.18,136.78,82.4,5.82
516,uspenka,80,UA,1546298397,93,48.39,39.16,19.98,3.85
518,el retorno,80,CO,1546298397,41,2.33,-72.63,87.62,5.3
519,padang,48,ID,1546298397,100,-0.92,100.36,77.27,6.08
520,le vauclin,75,MQ,1546297200,69,14.55,-60.84,77,9.17
521,harbour breton,20,CA,1546298398,100,47.48,-55.8,20.88,19.28
523,dawlatabad,92,AF,1546298398,88,36.41,64.91,40.19,3.51
524,majene,88,ID,1546298399,100,-3.54,118.97,77.54,7.65
525,wanaka,92,NZ,1546298399,49,-44.7,169.14,67.59,2.73
526,rincon,40,US,1546296960,90,32.3,-81.24,72.32,9.17
527,yarada,0,IN,1546297200,87,17.65,83.27,59,2.24
528,saint anthony,1,US,1546296960,46,43.97,-111.68,17.96,10.29
529,marystown,12,CA,1546298400,100,47.17,-55.16,18.36,17.83
530,levelland,20,US,1546293180,29,33.59,-102.38,55.04,12.75
531,khorramabad,0,IR,1546296600,63,33.48,48.35,33.8,4.7
532,wasilla,90,US,1546297080,66,61.58,-149.44,44.96,7.65
533,yuanping,0,CN,1546298401,48,38.72,112.71,-10.85,2.17
534,nacala,44,MZ,1546298401,98,-14.56,40.69,81.32,2.62
535,villa carlos paz,40,AR,1546297200,65,-31.42,-64.5,80.6,4.7
536,quatre cocos,75,MU,1546297200,94,-20.21,57.76,77,8.32
537,ola,0,RU,1546298402,100,59.58,151.3,-2.57,10.45
538,eenhana,44,NA,1546297200,69,-17.48,16.34,77,3.36
539,aleksandrovskiy zavod,12,RU,1546298402,56,50.92,117.94,-33.8,2.51
540,shingu,20,JP,1546297200,55,33.72,135.99,37.4,8.05
541,karaidel,76,RU,1546298403,82,55.83,56.91,3.24,7.76
542,namibe,0,AO,1546298403,100,-15.19,12.15,74.34,7.31
543,ekibastuz,48,KZ,1546298404,77,51.72,75.32,-0.27,7.99
544,mucuri,0,BR,1546298404,89,-18.08,-39.55,77.72,13.47
545,westport,80,IE,1546298404,98,53.8,-9.52,48.96,10.45
546,abonnema,0,NG,1546293600,73,4.71,6.79,75.2,5.19
547,mosetse,64,BW,1546298405,83,-20.64,26.64,70.52,8.77
548,buala,76,SB,1546298405,96,-8.15,159.59,81.45,15.48
550,deputatskiy,64,RU,1546298405,73,69.3,139.9,-3.96,12.12
551,kloulklubed,90,PW,1546296720,78,7.04,134.26,80.6,4.7
553,sertania,24,BR,1546298406,43,-8.07,-37.26,82.71,12.8
554,pedra,36,BR,1546298406,42,-8.5,-36.94,82.71,11.23
555,yangzhou,24,CN,1546298407,98,32.39,119.44,26.96,4.74
556,phetchaburi,0,TH,1546297200,69,13.1,99.94,73.4,4.7
557,komsomolskiy,76,RU,1546298407,91,67.55,63.78,19.71,23.09
558,winchester,92,GB,1546293000,76,51.06,-1.31,48.2,8.05
559,prabumulih,44,ID,1546298408,97,-3.5,104.19,73.71,4.63
560,serro,20,BR,1546298408,99,-18.6,-43.38,63.77,2.06
561,lentekhi,88,GE,1546298408,98,42.79,42.72,29.03,0.49
562,nurota,88,UZ,1546293600,90,40.56,65.69,35.6,4.7
563,xining,0,CN,1546298409,73,36.62,101.77,-8.87,1.95
564,fallon,40,US,1546296960,71,46.84,-105.12,3.02,5.82
565,panaba,20,MX,1546298409,63,21.28,-88.27,81.41,10.22
566,hovd,75,NO,1546296600,86,63.83,10.7,41,14.99
567,flinders,0,AU,1546298410,64,-34.58,150.85,82.8,1.72
568,queenstown,88,NZ,1546298386,58,-45.03,168.66,63.18,2.28
569,general roca,0,AR,1546297200,19,-39.03,-67.58,86,14.99
570,baie-comeau,90,CA,1546297200,79,49.22,-68.15,19.4,4.7
571,bocas del toro,80,PA,1546298411,100,9.33,-82.25,79.56,5.19
572,severnoye,76,RU,1546298411,75,54.09,52.54,-3.24,5.19
575,camaqua,92,BR,1546298411,84,-30.85,-51.81,76.37,13.24
576,otradnoye,90,RU,1546297200,86,59.77,30.8,28.4,11.18
577,bucerias,90,MX,1546296240,64,20.76,-105.33,73.4,3.36
578,jalalabad,40,AF,1546293300,62,34.43,70.46,40.64,2.24
580,plast,0,RU,1546298413,43,54.37,60.81,-14.49,2.95
581,mahibadhoo,76,MV,1546298413,100,3.78,72.97,83.16,18.84
582,mercedes,0,UY,1546298414,59,-33.25,-58.03,78.3,11.23
583,astana,90,KZ,1546297200,91,51.13,71.43,-2.21,4.47
584,gonzales,1,US,1546296900,22,36.51,-121.44,59,9.17
586,kinshasa,20,CD,1546293600,83,-4.32,15.31,78.8,8.05
